world: 13b3af3b-592f-4226-8042-8058d81dee4f
world-name: arena-big
x: 150.35917877069363
y: 26.0
z: -230.00041883649607
yaw: -89.99990844726562
pitch: -0.9000025391578674
name: big
lastowner: e3ab24d5-3af8-3c7a-8821-905ed8ce7a7c
