world: 56d300a8-4916-490f-b833-4ef7680c1c95
world-name: arena-small
x: 341.0457745278598
y: 23.0
z: -735.5209623483647
yaw: 90.29996490478516
pitch: -0.749984860420227
name: Inside
lastowner: e3ab24d5-3af8-3c7a-8821-905ed8ce7a7c
