world: 56d300a8-4916-490f-b833-4ef7680c1c95
world-name: arena-small
x: 361.11137951525143
y: 20.0
z: -735.4493169912948
yaw: -89.85003662109375
pitch: -2.399986743927002
name: Outside
lastowner: 2e2edd0b-22ce-490b-931c-8dfa7ed8fb1c
